2000 Coord,Discov,Comp,PA_l,Sep_l,id_1,mag_1,ra_deg_1,dec_deg_1,id_2,xcentroid,ycentroid,sharpness,roundness1,roundness2,npix,sky,peak,flux,mag_2,ra_deg_2,dec_deg_2,theta_measured,rho_measured,mag_diff
22033+5944,STI1083,,99.0,10.1,41,-2.9219725885197834,330.8042500592894,59.7302668930251,42,2345.941223883958,736.1172118107877,0.558511755005139,0.13539793439167117,-0.08723854649862875,169,0.0,3841.0,5.555043318252406,-1.8617186248009623,330.8097186935004,59.72983981251348,98.80446433862399,10.042155615486601,1.060253963718821
22033+5944,STI1083,,99.0,10.1,44,-2.866873721243416,330.8043859746549,59.73028949873479,46,2342.986620531856,736.0820878310744,0.6050287567862889,0.12972883843829372,-0.17566522521864242,169,0.0,4025.0,5.561789147836607,-1.8630363009163506,330.80989462049473,59.72986439086905,98.70171035741414,10.112829454993099,1.0038374203270655
22033+5944,STI1083,,99.0,10.1,47,-2.8723970098936773,330.80425979851253,59.730262306344684,48,2339.6812129257546,738.1876894885825,0.5280276560838146,0.068557771136558,-0.27641423782556146,169,0.0,3724.0,5.478297219294466,-1.8466139768767609,330.8097607407431,59.72986744652433,98.10207769425934,10.083087797206483,1.0257830330169164
22033+5944,STI1083,,99.0,10.1,35,-2.542485478519492,330.804318457471,59.73023429452067,36,2335.993409053144,740.2173653880958,0.43427329488668986,-0.27899051470133596,0.3991179245429686,169,0.0,2597.0,4.026800021280285,-1.5124001555861255,330.80978783979094,59.72982007973167,98.54197811561815,10.036518939428134,1.0300853229333666
22033+5944,STI1083,,99.0,10.1,43,-2.8144100767294193,330.8042713778581,59.73020553978187,44,2333.5984477780203,742.0366768240219,0.7223034961347108,0.048199947873757774,-0.005095901423080543,169,0.0,4446.0,5.271568562524807,-1.804849648415761,330.8097803463502,59.72979128021737,98.48235656923217,10.107595421238681,1.0095604283136583
22033+5944,STI1083,,99.0,10.1,36,-2.654037012703892,330.80406043376456,59.730162930489485,37,2329.788709714859,742.0517736975706,0.713527361495487,-0.4523001980428192,-0.20670831454398875,169,0.0,3690.0,4.050272963393067,-1.5187107324197764,330.8095305520036,59.729701976377015,99.48814992717422,10.064239054507405,1.1353262802841155
22033+5944,STI1083,,99.0,10.1,46,-2.9893874603835884,330.8042535525156,59.73026754107826,48,2324.8785835098292,742.975570143758,0.7036701397890197,-2.213637708222274e-06,-0.18734462062643842,169,0.0,4683.0,5.701004245646611,-1.8898784110790936,330.8097909181441,59.72985265079459,98.45214346736311,10.158880997376883,1.0995090493044948
22033+5944,STI1083,,99.0,10.1,48,-2.94260231135236,330.8042427597896,59.7302459652639,50,2322.908762974469,741.9803519265032,0.6520612000489405,0.24756069723136262,-0.11454017095900287,169,0.0,4398.0,5.774173465065875,-1.9037245665398426,330.80979046629454,59.72985111832241,98.03437493850909,10.167107326862128,1.0388777448125173
22033+5944,STI1083,,99.0,10.1,47,-2.789122628583192,330.80418581291843,59.730163510264234,49,2322.7118221144474,740.9027272116416,0.6955056178204833,-0.16446220122273097,-0.06654864267059103,169,0.0,4149.0,4.93983892154089,-1.7342819691580604,330.80976608207703,59.729784785499845,97.66575438280677,10.217736700658953,1.0548406594251316
22033+5944,STI1083,,99.0,10.1,37,-2.1157449741983703,330.80432879886365,59.73030521361073,39,2319.3296955119126,737.8253386333045,0.4732371257875186,-0.6007476616152899,0.16241624247529657,169,0.0,2130.0,2.5173972662519777,-1.0023793906060936,330.8097004173253,59.729858485259406,99.36621578666379,9.879475691000582,1.1133655835922767
22039+5949,STT 461,AB,297.0,11.1,93,-4.606624796418059,330.97395411275085,59.81442891624189,94,1943.4268960116538,1301.5993208734135,0.30440951642907554,0.16316288620417335,0.10658521484394717,169,0.0,65455.0,72.18391777201958,-4.646101124088272,330.97397312953285,59.81493357476599,1.08542731999022,1.8170967470109214,-0.03947632767021325
22039+5949,STT 461,AB,297.0,11.1,94,-4.646101124088272,330.97397312953285,59.81493357476599,92,1917.2367895798886,1293.8130907730945,0.5616176619548154,0.2731588924245756,-0.11553733548259783,169,0.0,1054.0,1.2599313437352224,-0.25086720039445837,330.96977475460545,59.819100583227836,333.13742573673875,16.816041913732377,4.395233923693813
22039+5949,STT 461,AB,297.0,11.1,88,-4.636882825794486,330.97392873368557,59.81440999411353,87,1942.2048692709457,1299.5973934340068,0.3084900564339022,-0.23406463154709523,-0.27035387146844964,169,0.0,65456.0,71.64351628484977,-4.637942232502476,330.97335567984896,59.81474392346769,319.210926416113,1.5877941591532232,-0.0010594067079896519
22039+5949,STT 461,AB,297.0,11.1,92,-4.701704685841517,330.97335569503,59.814716897934545,90,1929.8304110940246,1290.1812418385855,0.24753053842806366,-0.8885610266363918,-0.42826091181749626,169,0.0,5571.0,9.220255025512143,-2.411857333718926,330.968551119801,59.816042980166614,298.76654021900356,9.920607024033549,2.289847352122591
22039+5949,STT 461,AB,297.0,11.1,93,-4.63564074093999,330.9741049428721,59.81500858099001,90,1929.8304110940246,1290.1812418385855,0.24753053842806366,-0.8885610266363918,-0.42826091181749626,169,0.0,5571.0,9.220255025512143,-2.411857333718926,330.968551119801,59.816042980166614,290.3288436896747,10.720135351605501,2.2237834072210636
22039+5949,STT 461,AB,297.0,11.1,72,-4.572829010429946,330.97462756975665,59.81487283824299,70,1937.7774840639195,1303.7454319580472,0.3069744768897899,0.023791843209068856,-0.36413080470089754,169,0.0,65455.0,74.02568573719203,-4.673456097920959,330.97286371009386,59.81452845618301,248.77888532889062,3.4249781855476926,-0.1006270874910129
22039+5949,STT 461,AB,297.0,11.1,91,-4.574199684659969,330.97380256873856,59.81441115654314,92,1934.1371998272525,1310.2963350364034,0.30415584579247285,0.28702928672276196,0.1675863892604904,169,0.0,65453.0,68.34572247222498,-4.586778346826485,330.9740931138771,59.8149973206296,13.994208213533586,2.174737695543496,-0.01257866216651582
22039+5949,STT 461,AB,297.0,11.1,72,-4.605938997136329,330.9745182247565,59.81501578648708,71,1932.750439624126,1308.6016003099269,0.302447260966407,-0.1288583081984213,-0.3665959756676825,169,0.0,65453.0,68.95212673252834,-4.5963691648205485,330.97314512953676,59.814582481853705,237.8871821688716,2.9343602675415346,0.00956983231578068
22039+5949,STT 461,AB,297.0,11.1,91,-4.614750554663404,330.97383007795145,59.81446526963855,92,1927.7013404859345,1311.8837400390125,0.3251081851730333,0.11537943196821956,0.2539577866393506,169,0.0,65454.0,72.97234243536768,-4.657895718668063,330.97391442526447,59.81496123975837,4.887350946194572,1.7920080381985106,-0.04314516400465873
22039+5949,STT 461,AB,297.0,11.1,92,-4.657895718668063,330.97391442526447,59.81496123975837,90,1901.9428843682488,1304.7748524992398,0.39158439224058006,0.3013568055880055,-0.04114445967579917,169,0.0,876.0,1.2298865204162706,-0.2246626041460388,330.969889159205,59.81905695059046,333.7070255079491,16.44630226333154,4.433233114522024
22039+5949,STT 461,AB,297.0,11.1,90,-4.694096759343785,330.97395836625014,59.814958222177786,89,1901.0981349066353,1303.9646548167345,0.25889753730000753,0.4457649290486877,-0.06103789034844125,169,0.0,780.0,1.4244937309327215,-0.38415135572302006,330.9697250832723,59.81898520681177,332.1444820925398,16.397375452489094,4.309945403620765
22039+5949,STT 461,AB,297.0,11.1,89,-4.596990493922597,330.9737880784161,59.8144814341225,88,1918.0008874702607,1296.9506654659592,0.3398873553908593,-0.8429383590042583,-0.1841117079788479,169,0.0,6143.0,8.98682929903233,-2.384016231328975,330.9685448808991,59.81599725627986,299.9010261002499,10.94744107535997,2.212974262593622
22039+5949,STT 461,AB,297.0,11.1,91,-4.596140527317269,330.97435708274014,59.814813225201064,88,1918.0008874702607,1296.9506654659592,0.3398873553908593,-0.8429383590042583,-0.1841117079788479,169,0.0,6143.0,8.98682929903233,-2.384016231328975,330.9685448808991,59.81599725627986,292.0588551787199,11.35101337341093,2.212124295988294
22039+5949,STT 461,AB,297.0,11.1,67,-4.61888172285722,330.97469426534855,59.815120830766354,65,1927.1621377257713,1304.9151327552172,0.391790564318527,0.024447167687564258,-0.2635869727607707,169,0.0,64468.0,66.24381464410038,-4.55286333326386,330.9727367954714,59.81447738734036,236.82551916816905,4.233158471658816,0.06601838959335993
22039+5949,STT 461,AC,40.0,89.2,93,-4.606624796418059,330.97395411275085,59.81442891624189,103,1851.364507997647,1413.5332224538677,0.394218322744298,0.07936199225436485,-0.26754623561867674,169,0.0,20529.0,30.500618230378887,-3.7107716058522895,331.0058333777392,59.83383532605581,39.53345916329575,90.60184488330071,0.8958531905657692
22039+5949,STT 461,AC,40.0,89.2,94,-4.646101124088272,330.97397312953285,59.81493357476599,103,1851.364507997647,1413.5332224538677,0.394218322744298,0.07936199225436485,-0.26754623561867674,169,0.0,20529.0,30.500618230378887,-3.7107716058522895,331.0058333777392,59.83383532605581,40.25936416587552,89.18590214085944,0.9353295182359824
22039+5949,STT 461,AC,40.0,89.2,87,-4.637942232502476,330.97335567984896,59.81474392346769,97,1849.4764772911265,1413.5191830290519,0.34348884035228056,0.012725604160779011,-0.15743400820973114,169,0.0,17159.0,24.388256201385783,-3.467951871716069,331.0057853234103,59.833845816758256,40.462237503162356,90.40235162810652,1.1699903607864068
22039+5949,STT 461,AC,40.0,89.2,88,-4.636882825794486,330.97392873368557,59.81440999411353,97,1849.4764772911265,1413.5191830290519,0.34348884035228056,0.012725604160779011,-0.15743400820973114,169,0.0,17159.0,24.388256201385783,-3.467951871716069,331.0057853234103,59.833845816758256,39.47086676664166,90.65742664035898,1.1689309540784172
22039+5949,STT 461,AC,40.0,89.2,92,-4.701704685841517,330.97335569503,59.814716897934545,104,1847.3441973499573,1416.8540267789058,0.33735245402785735,0.10103460949933644,-0.21431240548149044,169,0.0,18836.0,30.609096169513787,-3.7146262646672987,331.00581986642277,59.83384584872004,40.45229420382093,90.51702125748746,0.9870784211742185
22039+5949,STT 461,AC,40.0,89.2,93,-4.63564074093999,330.9741049428721,59.81500858099001,104,1847.3441973499573,1416.8540267789058,0.33735245402785735,0.10103460949933644,-0.21431240548149044,169,0.0,18836.0,30.609096169513787,-3.7146262646672987,331.00581986642277,59.83384584872004,40.22677167404599,88.83875868830354,0.9210144762726911
22039+5949,STT 461,AC,40.0,89.2,70,-4.673456097920959,330.97286371009386,59.81452845618301,81,1844.4250333258135,1420.4267577263772,0.3047915776359591,-0.11003145661914003,0.06895874356369393,169,0.0,15705.0,23.781895984237305,-3.440616188224369,331.0060525641446,59.83387275713801,40.76016196521323,91.95932309891293,1.2328399096965903
22039+5949,STT 461,AC,40.0,89.2,72,-4.572829010429946,330.97462756975665,59.81487283824299,81,1844.4250333258135,1420.4267577263772,0.3047915776359591,-0.11003145661914003,0.06895874356369393,169,0.0,15705.0,23.781895984237305,-3.440616188224369,331.0060525641446,59.83387275713801,39.72532542807296,88.95028030411342,1.1322128222055774
22039+5949,STT 461,AC,40.0,89.2,91,-4.574199684659969,330.97380256873856,59.81441115654314,100,1843.3213444471119,1422.2725361650075,0.4411341318824833,0.13082404809682371,-0.0325239425194102,169,0.0,21215.0,30.596920720068674,-3.714194303003465,331.0058090172934,59.83379401605882,39.67966294629984,90.68333584669534,0.8600053816565039
22039+5949,STT 461,AC,40.0,89.2,92,-4.586778346826485,330.9740931138771,59.8149973206296,100,1843.3213444471119,1422.2725361650075,0.4411341318824833,0.13082404809682371,-0.0325239425194102,169,0.0,21215.0,30.596920720068674,-3.714194303003465,331.0058090172934,59.83379401605882,40.288600804178046,88.72849725748874,0.8725840438230197
22039+5949,STT 461,AC,40.0,89.2,71,-4.5963691648205485,330.97314512953676,59.814582481853705,79,1839.9022002729992,1424.1683980650348,0.23401014872874437,-0.16973619540996404,-0.04795599703110021,169,0.0,14458.0,22.86346298269585,-3.397855027131185,331.00586744153435,59.83386233171325,40.45400199019148,91.23353774531353,1.1985141376893633
22039+5949,STT 461,AC,40.0,89.2,72,-4.605938997136329,330.9745182247565,59.81501578648708,79,1839.9022002729992,1424.1683980650348,0.23401014872874437,-0.16973619540996404,-0.04795599703110021,169,0.0,14458.0,22.86346298269585,-3.397855027131185,331.00586744153435,59.83386233171325,39.885672472112134,88.43831217838056,1.208083970005144
22039+5949,STT 461,AC,40.0,89.2,91,-4.614750554663404,330.97383007795145,59.81446526963855,101,1836.8348281517792,1424.7473910393571,0.31547567694673984,-0.09755317928811305,-0.19409824409801832,169,0.0,19293.0,32.675626182484315,-3.7855597974403175,331.005799967725,59.83384706448463,39.649002097520835,90.63808800760148,0.8291907572230865
22039+5949,STT 461,AC,40.0,89.2,92,-4.657895718668063,330.97391442526447,59.81496123975837,101,1836.8348281517792,1424.7473910393571,0.31547567694673984,-0.09755317928811305,-0.19409824409801832,169,0.0,19293.0,32.675626182484315,-3.7855597974403175,331.005799967725,59.83384706448463,40.30558966961697,89.1717516082185,0.8723359212277453
22039+5949,STT 461,AC,40.0,89.2,90,-4.694096759343785,330.97395836625014,59.814958222177786,99,1836.1217791841402,1424.7840751595475,0.2994253790904157,0.07018506107588868,-0.13546780957582352,169,0.0,18763.0,31.821441768268027,-3.7567996320081716,331.0058790589218,59.833807770581636,40.3911035569376,89.11345877445746,0.9372971273356137
22039+5949,STT 461,AC,40.0,89.2,89,-4.596990493922597,330.9737880784161,59.8144814341225,98,1836.5396272107573,1424.6616426866551,0.39556439767050383,-0.008553856570664226,-0.1980429923714465,169,0.0,21564.0,33.56260828815231,-3.814639260690726,331.0058769686634,59.83384160061227,39.785034683258274,90.71584235132126,0.782351233231871
22039+5949,STT 461,AC,40.0,89.2,91,-4.596140527317269,330.97435708274014,59.814813225201064,98,1836.5396272107573,1424.6616426866551,0.39556439767050383,-0.008553856570664226,-0.1980429923714465,169,0.0,21564.0,33.56260828815231,-3.814639260690726,331.0058769686634,59.83384160061227,39.768098253432875,89.13890336735787,0.7815012666265431
22039+5949,STT 461,AC,40.0,89.2,65,-4.55286333326386,330.9727367954714,59.81447738734036,72,1834.789978846382,1422.802107984139,0.226353899422818,-0.1907996344866665,0.08508927082498538,169,0.0,12320.0,18.924556721493065,-3.1925642890347468,331.0060196621497,59.83385966012426,40.78473607147619,92.17399277167088,1.3602990442291136
22039+5949,STT 461,AC,40.0,89.2,67,-4.61888172285722,330.97469426534855,59.815120830766354,72,1834.789978846382,1422.802107984139,0.226353899422818,-0.1907996344866665,0.08508927082498538,169,0.0,12320.0,18.924556721493065,-3.1925642890347468,331.0060196621497,59.83385966012426,40.025877520010816,88.11337947374189,1.4263174338224736
22039+5949,STT 461,AD,72.0,184.0,93,-4.606624796418059,330.97395411275085,59.81442891624189,119,1904.6457092942937,1598.5138953178391,0.24390234330858507,0.06397736843844741,-0.22954375352543308,169,0.0,65455.0,86.28132882141497,-4.839792062661919,331.0709757572145,59.8304941203257,71.72612710105892,184.85554333723184,-0.23316726624386064
22039+5949,STT 461,AD,72.0,184.0,94,-4.646101124088272,330.97397312953285,59.81493357476599,119,1904.6457092942937,1598.5138953178391,0.24390234330858507,0.06397736843844741,-0.22954375352543308,169,0.0,65455.0,86.28132882141497,-4.839792062661919,331.0709757572145,59.8304941203257,72.25922767220813,184.26116735729246,-0.1936909385736474
22039+5949,STT 461,AD,72.0,184.0,87,-4.637942232502476,330.97335567984896,59.81474392346769,113,1903.063468611123,1598.3570103367654,0.29022228974410375,0.048240548714475376,-0.13852824497756858,169,0.0,65456.0,83.88001217288034,-4.809146212048072,331.0709196645035,59.83049947504843,72.14781531999618,185.44317584423837,-0.17120397954559596
22039+5949,STT 461,AD,72.0,184.0,88,-4.636882825794486,330.97392873368557,59.81440999411353,113,1903.063468611123,1598.3570103367654,0.29022228974410375,0.048240548714475376,-0.13852824497756858,169,0.0,65456.0,83.88001217288034,-4.809146212048072,331.0709196645035,59.83049947504843,71.69502117480515,184.83015713706777,-0.17226338625358562
22039+5949,STT 461,AD,72.0,184.0,92,-4.701704685841517,330.97335569503,59.814716897934545,122,1901.3951597542898,1601.6996307866714,0.24614853874783418,0.026721392804730817,-0.050111389534822304,169,0.0,65457.0,89.83065643427992,-4.883561433209708,331.0709969749869,59.830476198347355,72.15703627722412,185.58060651438717,-0.18185674736819113
22039+5949,STT 461,AD,72.0,184.0,93,-4.63564074093999,330.9741049428721,59.81500858099001,122,1901.3951597542898,1601.6996307866714,0.24614853874783418,0.026721392804730817,-0.050111389534822304,169,0.0,65457.0,89.83065643427992,-4.883561433209708,331.0709969749869,59.830476198347355,72.33957055719051,183.96883478623607,-0.24792069226971858
22039+5949,STT 461,AD,72.0,184.0,70,-4.673456097920959,330.97286371009386,59.81452845618301,97,1899.1246238961362,1603.8955629436527,0.30730782306486065,-0.23498912935530727,0.3381677873286637,169,0.0,64945.0,86.95091472141779,-4.848185387824247,331.0708140186432,59.830406727235,72.08411021874834,186.24480169289683,-0.17472928990328818
22039+5949,STT 461,AD,72.0,184.0,72,-4.572829010429946,330.97462756975665,59.81487283824299,97,1899.1246238961362,1603.8955629436527,0.30730782306486065,-0.23498912935530727,0.3381677873286637,169,0.0,64945.0,86.95091472141779,-4.848185387824247,331.0708140186432,59.830406727235,72.147547767168,182.8256327375105,-0.2753563773943011
22039+5949,STT 461,AD,72.0,184.0,91,-4.574199684659969,330.97380256873856,59.81441115654314,121,1897.6387911326783,1606.9597191734954,0.26569730911299155,0.04626560010025315,-0.04161299662985109,169,0.0,65453.0,87.41030986335825,-4.853906649454956,331.0709712011849,59.830482282607996,71.74556195034002,185.11494159923987,-0.279706964794987
22039+5949,STT 461,AD,72.0,184.0,92,-4.586778346826485,330.9740931138771,59.8149973206296,121,1897.6387911326783,1606.9597191734954,0.26569730911299155,0.04626560010025315,-0.04161299662985109,169,0.0,65453.0,87.41030986335825,-4.853906649454956,331.0709712011849,59.830482282607996,72.31866396063053,183.96370813105753,-0.2671283026284712
22039+5949,STT 461,AD,72.0,184.0,71,-4.5963691648205485,330.97314512953676,59.814582481853705,97,1895.0797377180668,1607.7981472984588,0.2715359674593495,-0.2230475671293342,0.08391100782087063,169,0.0,65453.0,87.4181365247145,-4.854003861204852,331.0707389777748,59.83042554008225,72.06037116765428,185.5917921016497,-0.2576346963843035
22039+5949,STT 461,AD,72.0,184.0,72,-4.605938997136329,330.9745182247565,59.81501578648708,97,1895.0797377180668,1607.7981472984588,0.2715359674593495,-0.2230475671293342,0.08391100782087063,169,0.0,65453.0,87.4181365247145,-4.854003861204852,331.0707389777748,59.83042554008225,72.28683999229825,182.74818118359687,-0.2480648640685228
22039+5949,STT 461,AD,72.0,184.0,91,-4.614750554663404,330.97383007795145,59.81446526963855,118,1891.930009962274,1609.2620182103062,0.22230335270254367,-0.11678136262506773,-0.2316793872259555,169,0.0,65454.0,87.07306890508268,-4.849709628779849,331.0709696742735,59.83050486707304,71.77385589626638,185.02938458170075,-0.23495907411644534
22039+5949,STT 461,AD,72.0,184.0,92,-4.657895718668063,330.97391442526447,59.81496123975837,118,1891.930009962274,1609.2620182103062,0.22230335270254367,-0.11678136262506773,-0.2316793872259555,169,0.0,65454.0,87.07306890508268,-4.849709628779849,331.0709696742735,59.83050486707304,72.2862288395376,184.33329352132654,-0.1918139101117866
22039+5949,STT 461,AD,72.0,184.0,90,-4.694096759343785,330.97395836625014,59.814958222177786,121,1891.237730123823,1609.028756776707,0.22459901071446445,-0.09705790985885276,-0.13123352341569455,169,0.0,65456.0,89.01891871643926,-4.873705786865366,331.0709749095029,59.830504481049836,72.27682843793274,184.26944233544995,-0.1796090275215807
22039+5949,STT 461,AD,72.0,184.0,89,-4.596990493922597,330.9737880784161,59.8144814341225,115,1892.10092247282,1608.8217975317687,0.2554359418402925,0.058620912127349184,-0.09837478962470564,169,0.0,65454.0,85.30157919536968,-4.827392678431305,331.07098292823497,59.830514149351764,71.79076898750722,185.11659282890443,-0.23040218450870764
22039+5949,STT 461,AD,72.0,184.0,91,-4.596140527317269,330.97435708274014,59.814813225201064,115,1892.10092247282,1608.8217975317687,0.2554359418402925,0.058620912127349184,-0.09837478962470564,169,0.0,65454.0,85.30157919536968,-4.827392678431305,331.07098292823497,59.830514149351764,72.0446786672409,183.76677963825887,-0.23125215111403552
22039+5949,STT 461,AD,72.0,184.0,65,-4.55286333326386,330.9727367954714,59.81447738734036,86,1891.0170548151743,1606.2968126670573,0.21870453171708193,-0.21929379013835615,0.3480628564956937,169,0.0,65455.0,82.4141674370109,-4.790004689158845,331.07096503413936,59.83045210939114,72.02998669510593,186.83014993398908,-0.23714135589498486
22039+5949,STT 461,AD,72.0,184.0,67,-4.61888172285722,330.97469426534855,59.815120830766354,86,1891.0170548151743,1606.2968126670573,0.21870453171708193,-0.21929379013835615,0.3480628564956937,169,0.0,65455.0,82.4141674370109,-4.790004689158845,331.07096503413936,59.83045210939114,72.37979337920956,182.74857457172112,-0.17112296630162493
22039+5949,STT 461,AE,37.0,237.1,93,-4.606624796418059,330.97395411275085,59.81442891624189,117,1682.8948498780474,1584.673744360509,0.3061399392333271,-0.09854521251546271,-0.26802858705511656,169,0.0,65455.0,73.70898083167498,-4.668801015713383,331.05293948776017,59.86738144349351,36.81364343928456,238.21740164640156,-0.06217621929532413
22039+5949,STT 461,AE,37.0,237.1,94,-4.646101124088272,330.97397312953285,59.81493357476599,117,1682.8948498780474,1584.673744360509,0.3061399392333271,-0.09854521251546271,-0.26802858705511656,169,0.0,65455.0,73.70898083167498,-4.668801015713383,331.05293948776017,59.86738144349351,37.070457355912865,236.7446675331389,-0.02269989162511088
22039+5949,STT 461,AE,37.0,237.1,87,-4.637942232502476,330.97335567984896,59.81474392346769,112,1681.3093221891943,1584.8243035857474,0.31234427322124414,-0.026205160583875037,-0.24423753192408051,169,0.0,65456.0,76.8976690061972,-4.714782938154773,331.0528663822934,59.86738639819204,37.15761580904395,237.89785674957758,-0.07684070565229728
22039+5949,STT 461,AE,37.0,237.1,88,-4.636882825794486,330.97392873368557,59.81440999411353,112,1681.3093221891943,1584.8243035857474,0.31234427322124414,-0.026205160583875037,-0.24423753192408051,169,0.0,65456.0,76.8976690061972,-4.714782938154773,331.0528663822934,59.86738639819204,36.784659645142554,238.23446975758745,-0.07790011236028693
22039+5949,STT 461,AE,37.0,237.1,92,-4.701704685841517,330.97335569503,59.814716897934545,121,1679.6447531597219,1588.3426081698972,0.3568770285552243,0.10072837844719283,-0.25824474771562933,169,0.0,65457.0,77.15531901515338,-4.718414678211242,331.0528873246554,59.86735115974539,37.16919886236186,237.89726953982097,-0.016709992369724702
22039+5949,STT 461,AE,37.0,237.1,93,-4.63564074093999,330.9741049428721,59.81500858099001,121,1679.6447531597219,1588.3426081698972,0.3568770285552243,0.10072837844719283,-0.25824474771562933,169,0.0,65457.0,77.15531901515338,-4.718414678211242,331.0528873246554,59.86735115974539,37.06161490230144,236.24157529173885,-0.08277393727125215
22039+5949,STT 461,AE,37.0,237.1,70,-4.673456097920959,330.97286371009386,59.81452845618301,95,1677.6881197890377,1589.9255759156838,0.3144789091794155,0.008459040537320307,-0.06878040370803026,169,0.0,65455.0,82.92466298913034,-4.7967092879898505,331.0523995270965,59.86718954438171,37.156735550256535,237.9792329501371,-0.12325319006889135
22039+5949,STT 461,AE,37.0,237.1,72,-4.572829010429946,330.97462756975665,59.81487283824299,96,1676.5936948799886,1594.3855105217572,0.3149636308133513,-0.17537957803672752,-0.11123558569594257,169,0.0,65455.0,71.35002812389183,-4.633485371589125,331.05382482382737,59.867512516676975,37.050185542845675,237.54723121405192,-0.06065636115917883
22039+5949,STT 461,AE,37.0,237.1,91,-4.574199684659969,330.97380256873856,59.81441115654314,119,1675.8170200910104,1594.0727114847411,0.3396231830695904,0.07576908890020237,-0.34919583500302076,169,0.0,65453.0,76.15830653588097,-4.704293196164947,331.05277375093726,59.867350386496376,36.81563415867245,238.16376333788506,-0.1300935115049784
22039+5949,STT 461,AE,37.0,237.1,92,-4.586778346826485,330.9740931138771,59.8149973206296,119,1675.8170200910104,1594.0727114847411,0.3396231830695904,0.07576908890020237,-0.34919583500302076,169,0.0,65453.0,76.15830653588097,-4.704293196164947,331.05277375093726,59.867350386496376,37.02052873540799,236.1607744360772,-0.11751484933846257
22039+5949,STT 461,AE,37.0,237.1,71,-4.5963691648205485,330.97314512953676,59.814582481853705,95,1673.6770153547452,1595.563598386323,0.3235827746755632,0.13563075970748883,-0.3093778638034607,169,0.0,65453.0,73.08684954101511,-4.659598104311747,331.052663078723,59.86723218638511,37.15646910900268,237.92692552795532,-0.06322893949119823
22039+5949,STT 461,AE,37.0,237.1,72,-4.605938997136329,330.9745182247565,59.81501578648708,96,1671.628214595732,1598.4824548025183,0.3302848793290289,0.021534657759681882,0.5116153968946647,169,0.0,65453.0,66.45155686800936,-4.556262900791495,331.05351026603097,59.867668953020306,36.971611397740865,237.36200099946876,0.049676096344834164
22039+5949,STT 461,AE,37.0,237.1,91,-4.614750554663404,330.97383007795145,59.81446526963855,116,1670.353270177361,1597.3782186622805,0.2833770289678954,0.016987487199819098,-0.5155515797408229,169,0.0,65454.0,74.4837829948505,-4.680154315343596,331.05288754202616,59.86733588406537,36.88128947056786,238.05979243896573,-0.0654037606801916
22039+5949,STT 461,AE,37.0,237.1,92,-4.657895718668063,330.97391442526447,59.81496123975837,116,1670.353270177361,1597.3782186622805,0.2833770289678954,0.016987487199819098,-0.5155515797408229,169,0.0,65454.0,74.4837829948505,-4.680154315343596,331.05288754202616,59.86733588406537,37.11134322893377,236.5418885093697,-0.02225859667553287
22039+5949,STT 461,AE,37.0,237.1,90,-4.694096759343785,330.97395836625014,59.814958222177786,119,1669.772017746251,1597.567135856763,0.2971859352627837,-0.07628389875101445,-0.46207114234213026,169,0.0,65456.0,77.15131886671995,-4.718358386323359,331.05291651866014,59.86731542475219,37.1153188410915,236.4755261022463,-0.024261626979574125
22039+5949,STT 461,AE,37.0,237.1,89,-4.596990493922597,330.9737880784161,59.8144814341225,114,1670.2925091329585,1597.570128066396,0.2955413023381479,7.278560505381706e-05,-0.43306204190086356,169,0.0,65454.0,72.3504400291909,-4.648602942012498,331.05285800536376,59.867374432454255,36.87395243146062,238.13768987951946,-0.05161244808990073
22039+5949,STT 461,AE,37.0,237.1,91,-4.596140527317269,330.97435708274014,59.814813225201064,114,1670.2925091329585,1597.570128066396,0.2955413023381479,7.278560505381706e-05,-0.43306204190086356,169,0.0,65454.0,72.3504400291909,-4.648602942012498,331.05285800536376,59.867374432454255,36.84848867454599,236.56418303977367,-0.05246241469522861
22039+5949,STT 461,AE,37.0,237.1,65,-4.55286333326386,330.9727367954714,59.81447738734036,84,1670.264266822415,1593.0048639714682,0.3525066976297865,-0.1368525160009605,-0.005529228946379884,169,0.0,65455.0,75.92084941812666,-4.700902646056704,331.05210267612085,59.86705508078503,37.14160152708967,237.55453096781162,-0.14803931279284388
22039+5949,STT 461,AE,37.0,237.1,67,-4.61888172285722,330.97469426534855,59.815120830766354,85,1668.3903192045939,1598.503669570672,0.2984805495648971,-0.3440967299129219,-0.07768686094240891,169,0.0,65455.0,64.76951530891279,-4.5284266177523715,331.05381808837694,59.86754982428128,37.135100708841264,236.86197397153663,0.09045510510484878
22039+5949,STT 461,AG,335.0,17.5,93,-4.606624796418059,330.97395411275085,59.81442891624189,92,1917.2367895798886,1293.8130907730945,0.5616176619548154,0.2731588924245756,-0.11553733548259783,169,0.0,1054.0,1.2599313437352224,-0.25086720039445837,330.96977475460545,59.819100583227836,335.7843286411088,18.440891232730113,4.3557575960236
22039+5949,STT 461,AG,335.0,17.5,94,-4.646101124088272,330.97397312953285,59.81493357476599,92,1917.2367895798886,1293.8130907730945,0.5616176619548154,0.2731588924245756,-0.11553733548259783,169,0.0,1054.0,1.2599313437352224,-0.25086720039445837,330.96977475460545,59.819100583227836,333.13742573673875,16.816041913732377,4.395233923693813
22039+5949,STT 461,AG,335.0,17.5,88,-4.636882825794486,330.97392873368557,59.81440999411353,87,1942.2048692709457,1299.5973934340068,0.3084900564339022,-0.23406463154709523,-0.27035387146844964,169,0.0,65456.0,71.64351628484977,-4.637942232502476,330.97335567984896,59.81474392346769,319.210926416113,1.5877941591532232,-0.0010594067079896519
22039+5949,STT 461,AG,335.0,17.5,92,-4.701704685841517,330.97335569503,59.814716897934545,91,1913.1031839457403,1298.686363160424,0.3415681274659944,-0.5699478408199478,-0.502073206500455,169,0.0,746.0,1.0545405147353373,-0.05765817424278895,330.97035939051466,59.81911956434805,341.1121686387381,16.751733276874482,4.644046511598728
22039+5949,STT 461,AG,335.0,17.5,93,-4.63564074093999,330.9741049428721,59.81500858099001,91,1913.1031839457403,1298.686363160424,0.3415681274659944,-0.5699478408199478,-0.502073206500455,169,0.0,746.0,1.0545405147353373,-0.05765817424278895,330.97035939051466,59.81911956434805,335.3904639834049,16.278345637653995,4.577982566697201
22039+5949,STT 461,AG,335.0,17.5,91,-4.574199684659969,330.97380256873856,59.81441115654314,92,1934.1371998272525,1310.2963350364034,0.30415584579247285,0.28702928672276196,0.1675863892604904,169,0.0,65453.0,68.34572247222498,-4.586778346826485,330.9740931138771,59.8149973206296,13.994208213533586,2.174737695543496,-0.01257866216651582
22039+5949,STT 461,AG,335.0,17.5,71,-4.5963691648205485,330.97314512953676,59.814582481853705,72,1931.0147571326986,1313.0421675415214,0.3215014481568868,0.24175882281602037,-0.12952441189498617,169,0.0,65453.0,69.5625668205633,-4.605938997136329,330.9745182247565,59.81501578648708,57.885995258959504,2.934360267539948,-0.00956983231578068
22039+5949,STT 461,AG,335.0,17.5,91,-4.614750554663404,330.97383007795145,59.81446526963855,90,1901.9428843682488,1304.7748524992398,0.39158439224058006,0.3013568055880055,-0.04114445967579917,169,0.0,876.0,1.2298865204162706,-0.2246626041460388,330.969889159205,59.81905695059046,336.660938227809,18.003361467872743,4.390087950517366
22039+5949,STT 461,AG,335.0,17.5,92,-4.657895718668063,330.97391442526447,59.81496123975837,90,1901.9428843682488,1304.7748524992398,0.39158439224058006,0.3013568055880055,-0.04114445967579917,169,0.0,876.0,1.2298865204162706,-0.2246626041460388,330.969889159205,59.81905695059046,333.7070255079491,16.44630226333154,4.433233114522024
22039+5949,STT 461,AG,335.0,17.5,90,-4.694096759343785,330.97395836625014,59.814958222177786,89,1901.0981349066353,1303.9646548167345,0.25889753730000753,0.4457649290486877,-0.06103789034844125,169,0.0,780.0,1.4244937309327215,-0.38415135572302006,330.9697250832723,59.81898520681177,332.1444820925398,16.397375452489094,4.309945403620765
22039+5949,STT 461,AG,335.0,17.5,89,-4.596990493922597,330.9737880784161,59.8144814341225,88,1918.0008874702607,1296.9506654659592,0.3398873553908593,-0.8429383590042583,-0.1841117079788479,169,0.0,6143.0,8.98682929903233,-2.384016231328975,330.9685448808991,59.81599725627986,299.9010261002499,10.94744107535997,2.212974262593622
22039+5949,STT 461,AG,335.0,17.5,91,-4.596140527317269,330.97435708274014,59.814813225201064,88,1918.0008874702607,1296.9506654659592,0.3398873553908593,-0.8429383590042583,-0.1841117079788479,169,0.0,6143.0,8.98682929903233,-2.384016231328975,330.9685448808991,59.81599725627986,292.0588551787199,11.35101337341093,2.212124295988294
22039+5949,STT 461,AG,335.0,17.5,65,-4.55286333326386,330.9727367954714,59.81447738734036,67,1924.5809773784567,1311.290012420395,0.35704744079635997,0.293317524411528,0.13607898159461085,169,0.0,65455.0,70.39676289780036,-4.61888172285722,330.97469426534855,59.815120830766354,56.823827121892435,4.233158471664379,-0.06601838959335993
22039+5949,STT 461,CD,96.0,118.4,103,-3.7107716058522895,331.0058333777392,59.83383532605581,119,1904.6457092942937,1598.5138953178391,0.24390234330858507,0.06397736843844741,-0.22954375352543308,169,0.0,65455.0,86.28132882141497,-4.839792062661919,331.0709757572145,59.8304941203257,95.79950939835544,118.46293394970658,-1.1290204568096298
22039+5949,STT 461,CD,96.0,118.4,97,-3.467951871716069,331.0057853234103,59.833845816758256,113,1903.063468611123,1598.3570103367654,0.29022228974410375,0.048240548714475376,-0.13852824497756858,169,0.0,65456.0,83.88001217288034,-4.809146212048072,331.0709196645035,59.83049947504843,95.80912586503904,118.4503178186641,-1.3411943403320028
22039+5949,STT 461,CD,96.0,118.4,104,-3.7146262646672987,331.00581986642277,59.83384584872004,122,1901.3951597542898,1601.6996307866714,0.24614853874783418,0.026721392804730817,-0.050111389534822304,169,0.0,65457.0,89.83065643427992,-4.883561433209708,331.0709969749869,59.830476198347355,95.84565097776793,118.53588741096827,-1.1689351685424096
22039+5949,STT 461,CD,96.0,118.4,81,-3.440616188224369,331.0060525641446,59.83387275713801,97,1899.1246238961362,1603.8955629436527,0.30730782306486065,-0.23498912935530727,0.3381677873286637,169,0.0,64945.0,86.95091472141779,-4.848185387824247,331.0708140186432,59.830406727235,96.05108687360973,117.82420381065197,-1.4075691995998785
22039+5949,STT 461,CD,96.0,118.4,100,-3.714194303003465,331.0058090172934,59.83379401605882,121,1897.6387911326783,1606.9597191734954,0.26569730911299155,0.04626560010025315,-0.04161299662985109,169,0.0,65453.0,87.41030986335825,-4.853906649454956,331.0709712011849,59.830482282607996,95.74669664796325,118.48794826746216,-1.1397123464514909
22039+5949,STT 461,CD,96.0,118.4,79,-3.397855027131185,331.00586744153435,59.83386233171325,97,1895.0797377180668,1607.7981472984588,0.2715359674593495,-0.2230475671293342,0.08391100782087063,169,0.0,65453.0,87.4181365247145,-4.854003861204852,331.0707389777748,59.83042554008225,95.98998391597131,118.01114105602728,-1.4561488340736668
22039+5949,STT 461,CD,96.0,118.4,101,-3.7855597974403175,331.005799967725,59.83384706448463,118,1891.930009962274,1609.2620182103062,0.22230335270254367,-0.11678136262506773,-0.2316793872259555,169,0.0,65454.0,87.07306890508268,-4.849709628779849,331.0709696742735,59.83050486707304,95.79878973245307,118.51243943038155,-1.064149831339532
22039+5949,STT 461,CD,96.0,118.4,99,-3.7567996320081716,331.0058790589218,59.833807770581636,121,1891.237730123823,1609.028756776707,0.22459901071446445,-0.09705790985885276,-0.13123352341569455,169,0.0,65456.0,89.01891871643926,-4.873705786865366,331.0709749095029,59.830504481049836,95.73793359922851,118.36543147661402,-1.1169061548571944
22039+5949,STT 461,CD,96.0,118.4,98,-3.814639260690726,331.0058769686634,59.83384160061227,115,1892.10092247282,1608.8217975317687,0.2554359418402925,0.058620912127349184,-0.09837478962470564,169,0.0,65454.0,85.30157919536968,-4.827392678431305,331.07098292823497,59.830514149351764,95.77892568703821,118.39232000591876,-1.0127534177405786
22039+5949,STT 461,CD,96.0,118.4,72,-3.1925642890347468,331.0060196621497,59.83385966012426,86,1891.0170548151743,1606.2968126670573,0.21870453171708193,-0.21929379013835615,0.3480628564956937,169,0.0,65455.0,82.4141674370109,-4.790004689158845,331.07096503413936,59.83045210939114,95.93238740294295,118.13296439839597,-1.5974404001240985
22039+5949,STT 461,CE,35.0,147.7,103,-3.7107716058522895,331.0058333777392,59.83383532605581,117,1682.8948498780474,1584.673744360509,0.3061399392333271,-0.09854521251546271,-0.26802858705511656,169,0.0,65455.0,73.70898083167498,-4.668801015713383,331.05293948776017,59.86738144349351,35.17411522242491,147.78016758667988,-0.9580294098610933
22039+5949,STT 461,CE,35.0,147.7,97,-3.467951871716069,331.0057853234103,59.833845816758256,112,1681.3093221891943,1584.8243035857474,0.31234427322124414,-0.026205160583875037,-0.24423753192408051,169,0.0,65456.0,76.8976690061972,-4.714782938154773,331.0528663822934,59.86738639819204,35.164219102119986,147.73776568560848,-1.2468310664387041
22039+5949,STT 461,CE,35.0,147.7,104,-3.7146262646672987,331.00581986642277,59.83384584872004,121,1679.6447531597219,1588.3426081698972,0.3568770285552243,0.10072837844719283,-0.25824474771562933,169,0.0,65457.0,77.15531901515338,-4.718414678211242,331.0528873246554,59.86735115974539,35.184835383093585,147.61985575640202,-1.0037884135439432
22039+5949,STT 461,CE,35.0,147.7,81,-3.440616188224369,331.0060525641446,59.83387275713801,95,1677.6881197890377,1589.9255759156838,0.3144789091794155,0.008459040537320307,-0.06878040370803026,169,0.0,65455.0,82.92466298913034,-4.7967092879898505,331.0523995270965,59.86718954438171,34.92158350785757,146.31591251017986,-1.3560930997654816
22039+5949,STT 461,CE,35.0,147.7,100,-3.714194303003465,331.0058090172934,59.83379401605882,119,1675.8170200910104,1594.0727114847411,0.3396231830695904,0.07576908890020237,-0.34919583500302076,169,0.0,65453.0,76.15830653588097,-4.704293196164947,331.05277375093726,59.867350386496376,35.08489533891422,147.6632327565123,-0.9900988931614823
22039+5949,STT 461,CE,35.0,147.7,79,-3.397855027131185,331.00586744153435,59.83386233171325,95,1673.6770153547452,1595.563598386323,0.3235827746755632,0.13563075970748883,-0.3093778638034607,169,0.0,65453.0,73.08684954101511,-4.659598104311747,331.052663078723,59.86723218638511,35.13802310972383,146.9381860874817,-1.2617430771805616
22039+5949,STT 461,CE,35.0,147.7,101,-3.7855597974403175,331.005799967725,59.83384706448463,116,1670.353270177361,1597.3782186622805,0.2833770289678954,0.016987487199819098,-0.5155515797408229,169,0.0,65454.0,74.4837829948505,-4.680154315343596,331.05288754202616,59.86733588406537,35.2096565287082,147.59233871634402,-0.8945945179032782
22039+5949,STT 461,CE,35.0,147.7,99,-3.7567996320081716,331.0058790589218,59.833807770581636,119,1669.772017746251,1597.567135856763,0.2971859352627837,-0.07628389875101445,-0.46207114234213026,169,0.0,65456.0,77.15131886671995,-4.718358386323359,331.05291651866014,59.86731542475219,35.165785733924224,147.59554048815028,-0.9615587543151878
22039+5949,STT 461,CE,35.0,147.7,98,-3.814639260690726,331.0058769686634,59.83384160061227,114,1670.2925091329585,1597.570128066396,0.2955413023381479,7.278560505381706e-05,-0.43306204190086356,169,0.0,65454.0,72.3504400291909,-4.648602942012498,331.05285800536376,59.867374432454255,35.11313531558942,147.61082557095355,-0.8339636813217717
22039+5949,STT 461,CE,35.0,147.7,72,-3.1925642890347468,331.0060196621497,59.83385966012426,85,1668.3903192045939,1598.503669570672,0.2984805495648971,-0.3440967299129219,-0.07768686094240891,169,0.0,65455.0,64.76951530891279,-4.5284266177523715,331.05381808837694,59.86754982428128,35.45231184450563,148.92703177452518,-1.3358623287176248
22039+5949,STT 461,DE,346.0,136.4,119,-4.839792062661919,331.0709757572145,59.8304941203257,117,1682.8948498780474,1584.673744360509,0.3061399392333271,-0.09854521251546271,-0.26802858705511656,169,0.0,65455.0,73.70898083167498,-4.668801015713383,331.05293948776017,59.86738144349351,346.20942363604456,136.7405509936874,0.1709910469485365
22039+5949,STT 461,DE,346.0,136.4,113,-4.809146212048072,331.0709196645035,59.83049947504843,112,1681.3093221891943,1584.8243035857474,0.31234427322124414,-0.026205160583875037,-0.24423753192408051,169,0.0,65456.0,76.8976690061972,-4.714782938154773,331.0528663822934,59.86738639819204,346.1967717657531,136.7464916799638,0.09436327389329868
22039+5949,STT 461,DE,346.0,136.4,122,-4.883561433209708,331.0709969749869,59.830476198347355,121,1679.6447531597219,1588.3426081698972,0.3568770285552243,0.10072837844719283,-0.25824474771562933,169,0.0,65457.0,77.15531901515338,-4.718414678211242,331.0528873246554,59.86735115974539,346.15100002302654,136.72905666243193,0.16514675499846643
22039+5949,STT 461,DE,346.0,136.4,97,-4.848185387824247,331.0708140186432,59.830406727235,95,1677.6881197890377,1589.9255759156838,0.3144789091794155,0.008459040537320307,-0.06878040370803026,169,0.0,65455.0,82.92466298913034,-4.7967092879898505,331.0523995270965,59.86718954438171,345.8931730178598,136.54041772314798,0.05147609983439683
22039+5949,STT 461,DE,346.0,136.4,121,-4.853906649454956,331.0709712011849,59.830482282607996,119,1675.8170200910104,1594.0727114847411,0.3396231830695904,0.07576908890020237,-0.34919583500302076,169,0.0,65453.0,76.15830653588097,-4.704293196164947,331.05277375093726,59.867350386496376,346.0839763071417,136.74320385659644,0.14961345329000864
22039+5949,STT 461,DE,346.0,136.4,97,-4.854003861204852,331.0707389777748,59.83042554008225,95,1673.6770153547452,1595.563598386323,0.3235827746755632,0.13563075970748883,-0.3093778638034607,169,0.0,65453.0,73.08684954101511,-4.659598104311747,331.052663078723,59.86723218638511,346.1510996737468,136.4756832799415,0.19440575689310524
22039+5949,STT 461,DE,346.0,136.4,118,-4.849709628779849,331.0709696742735,59.83050486707304,116,1670.353270177361,1597.3782186622805,0.2833770289678954,0.016987487199819098,-0.5155515797408229,169,0.0,65454.0,74.4837829948505,-4.680154315343596,331.05288754202616,59.86733588406537,346.15536347099606,136.56354267092462,0.16955531343625374
22039+5949,STT 461,DE,346.0,136.4,121,-4.873705786865366,331.0709749095029,59.830504481049836,119,1669.772017746251,1597.567135856763,0.2971859352627837,-0.07628389875101445,-0.46207114234213026,169,0.0,65456.0,77.15131886671995,-4.718358386323359,331.05291651866014,59.86731542475219,346.1655835342821,136.48310691525367,0.15534740054200658
22039+5949,STT 461,DE,346.0,136.4,115,-4.827392678431305,331.07098292823497,59.830514149351764,114,1670.2925091329585,1597.570128066396,0.2955413023381479,7.278560505381706e-05,-0.43306204190086356,169,0.0,65454.0,72.3504400291909,-4.648602942012498,331.05285800536376,59.867374432454255,346.134474670858,136.68436505805633,0.1787897364188069
22039+5949,STT 461,DE,346.0,136.4,86,-4.790004689158845,331.07096503413936,59.83045210939114,84,1670.264266822415,1593.0048639714682,0.3525066976297865,-0.1368525160009605,-0.005529228946379884,169,0.0,65455.0,75.92084941812666,-4.700902646056704,331.05210267612085,59.86705508078503,345.4962783349455,136.11329219178864,0.08910204310214098
22039+5949,STT 461,EF,34.0,193.1,117,-4.668801015713383,331.05293948776017,59.86738144349351,144,1457.1818405423942,1802.1304441618379,0.26235920012899866,0.3652404636793362,0.022353979934028666,169,0.0,60886.0,106.00578830325773,-5.063323949943319,331.11223077524113,59.911941109875,33.69826442098445,192.8705513102493,-0.39452293422993634
22039+5949,STT 461,EF,34.0,193.1,112,-4.714782938154773,331.0528663822934,59.86738639819204,137,1456.019709192208,1802.5415481055657,0.21084368081798036,0.26210511944846004,0.03197361632617451,169,0.0,55972.0,106.36598389175522,-5.067006904247262,331.1121385425229,59.9119339247177,33.696946169671854,192.81502576162978,-0.35222396609248907
22039+5949,STT 461,EF,34.0,193.1,121,-4.718414678211242,331.0528873246554,59.86735115974539,143,1454.324226168822,1806.6276933049583,0.2833097561312025,0.18131956107824831,0.05519681238093736,169,0.0,65457.0,113.32063289639993,-5.135772478481009,331.11220912030103,59.91196897478094,33.67736220882141,193.0752648445924,-0.4173578002697669
22039+5949,STT 461,EF,34.0,193.1,95,-4.7967092879898505,331.0523995270965,59.86718954438171,116,1452.3599424768151,1810.1204718517913,0.3192316334013635,-0.18388214993407082,0.8426400953286513,169,0.0,64751.0,92.74068052497365,-4.918175695989083,331.11220747372926,59.91191196829104,33.831343415278994,193.8766457652304,-0.12146640799923247
22039+5949,STT 461,EF,34.0,193.1,96,-4.633485371589125,331.05382482382737,59.867512516676975,116,1452.3599424768151,1810.1204718517913,0.3192316334013635,-0.18388214993407082,0.8426400953286513,169,0.0,64751.0,92.74068052497365,-4.918175695989083,331.11220747372926,59.91191196829104,33.38603716752332,191.4825278187725,-0.2846903243999579
22039+5949,STT 461,EF,34.0,193.1,119,-4.704293196164947,331.05277375093726,59.867350386496376,145,1451.5059570583112,1813.1229588599165,0.29120713936192427,0.4000466473867894,0.10834665412233742,169,0.0,65453.0,110.67970056849117,-5.110169938838805,331.11212321290196,59.91191495161832,33.72130357807368,192.9436161299966,-0.40587674267385765
22039+5949,STT 461,EF,34.0,193.1,120,-4.54322050911042,331.0536416863918,59.86760626614102,145,1451.5059570583112,1813.1229588599165,0.29120713936192427,0.4000466473867894,0.10834665412233742,169,0.0,65453.0,110.67970056849117,-5.110169938838805,331.11212321290196,59.91191495161832,33.48448608504954,191.30829717277769,-0.5669494297283846
22039+5949,STT 461,EF,34.0,193.1,95,-4.659598104311747,331.052663078723,59.86723218638511,115,1448.9938792425428,1815.6594403735783,0.2536775433108615,-0.21378658519249838,0.370502149970487,169,0.0,63409.0,98.27329357366926,-4.981088778572637,331.11218716893853,59.911945385333,33.710898518865456,193.56381926323706,-0.3214906742608905
22039+5949,STT 461,EF,34.0,193.1,96,-4.556262900791495,331.05351026603097,59.867668953020306,115,1448.9938792425428,1815.6594403735783,0.2536775433108615,-0.21378658519249838,0.370502149970487,169,0.0,63409.0,98.27329357366926,-4.981088778572637,331.11218716893853,59.911945385333,33.59161989971609,191.4065380666578,-0.4248258777811422
22039+5949,STT 461,EF,34.0,193.1,116,-4.680154315343596,331.05288754202616,59.86733588406537,142,1446.3209584202054,1816.8274542259815,0.297054651484392,0.0432992911915304,0.03725970700812899,169,0.0,65454.0,111.32025795700572,-5.116435510081494,331.1120966122554,59.9119644307297,33.62077380350357,192.9945520046641,-0.43628119473789884
22039+5949,STT 461,EF,34.0,193.1,117,-4.68291072714208,331.0533885778909,59.86760415027663,142,1446.3209584202054,1816.8274542259815,0.297054651484392,0.0432992911915304,0.03725970700812899,169,0.0,65454.0,111.32025795700572,-5.116435510081494,331.1120966122554,59.9119644307297,33.55566778664312,191.68911393552278,-0.4335247829394149
22039+5949,STT 461,EF,34.0,193.1,119,-4.718358386323359,331.05291651866014,59.86731542475219,142,1446.1612258558332,1817.5776357715647,0.31204093520431164,0.21039992480202918,0.1471360019993066,169,0.0,65456.0,110.20155103947666,-5.105469267667491,331.11219523614045,59.911938021209465,33.65536287995727,193.0464888970886,-0.38711088134413174
22039+5949,STT 461,EF,34.0,193.1,120,-4.726711241822403,331.05335519753004,59.86757892248027,142,1446.1612258558332,1817.5776357715647,0.31204093520431164,0.21039992480202918,0.1471360019993066,169,0.0,65456.0,110.20155103947666,-5.105469267667491,331.11219523614045,59.911938021209465,33.61565911866636,191.8175829505011,-0.3787580258450882
22039+5949,STT 461,EF,34.0,193.1,114,-4.648602942012498,331.05285800536376,59.867374432454255,137,1447.0933544439852,1818.0955594408265,0.2863590241731353,0.19709960734456003,0.10020730115012567,169,0.0,65454.0,109.72897964431941,-5.100803351924808,331.1121962138328,59.91199111919657,33.685323144840204,193.08829466316772,-0.4522004099123107
22039+5949,STT 461,EF,34.0,193.1,84,-4.700902646056704,331.05210267612085,59.86705508078503,102,1446.4024558379454,1816.7122957058998,0.3372304312957163,-0.20934330563216058,0.7212199904560321,169,0.0,64790.0,94.26583372346977,-4.935885782371759,331.11231604509675,59.911936587969386,33.9162231271358,194.7604709321498,-0.23498313631505496
22039+5949,STT 461,EF,34.0,193.1,85,-4.5284266177523715,331.05381808837694,59.86754982428128,102,1446.4024558379454,1816.7122957058998,0.3372304312957163,-0.20934330563216058,0.7212199904560321,169,0.0,64790.0,94.26583372346977,-4.935885782371759,331.11231604509675,59.911936587969386,33.44547838176363,191.55911728936871,-0.4074591646193877
